


------------------------------------------------------------------------
COMPILING AND RUNNING <dgeev>

RESULTS:
 DGEEV Example Program Results

 Eigenvalues
 (  2.86, 10.76) (  2.86,-10.76) ( -0.69,  4.70) ( -0.69, -4.70) -10.46

 Left eigenvectors
 (  0.04,  0.29) (  0.04, -0.29) ( -0.13, -0.33) ( -0.13,  0.33)   0.04
 (  0.62,  0.00) (  0.62, -0.00) (  0.69,  0.00) (  0.69, -0.00)   0.56
 ( -0.04, -0.58) ( -0.04,  0.58) ( -0.39, -0.07) ( -0.39,  0.07)  -0.13
 (  0.28,  0.01) (  0.28, -0.01) ( -0.02, -0.19) ( -0.02,  0.19)  -0.80
 ( -0.04,  0.34) ( -0.04, -0.34) ( -0.40,  0.22) ( -0.40, -0.22)   0.18

 Right eigenvectors
 (  0.11,  0.17) (  0.11, -0.17) (  0.73,  0.00) (  0.73, -0.00)   0.46
 (  0.41, -0.26) (  0.41,  0.26) ( -0.03, -0.02) ( -0.03,  0.02)   0.34
 (  0.10, -0.51) (  0.10,  0.51) (  0.19, -0.29) (  0.19,  0.29)   0.31
 (  0.40, -0.09) (  0.40,  0.09) ( -0.08, -0.08) ( -0.08,  0.08)  -0.74
 (  0.54,  0.00) (  0.54, -0.00) ( -0.29, -0.49) ( -0.29,  0.49)   0.16



------------------------------------------------------------------------
COMPILING AND RUNNING <dgesv>

RESULTS:
 DGESV Example Program Results

 Solution
  -0.80  -0.39   0.96
  -0.70  -0.55   0.22
   0.59   0.84   1.90
   1.32  -0.10   5.36
   0.57   0.11   4.04

 Details of LU factorization
   8.23   1.08   9.04   2.14  -6.87
   0.83  -6.94  -7.92   6.55  -3.99
   0.69  -0.67 -14.18   7.24  -5.19
   0.73   0.75   0.02 -13.82  14.19
  -0.26   0.44  -0.59  -0.34  -3.43

 Pivot indices
      5      5      3      4      5



------------------------------------------------------------------------
COMPILING AND RUNNING <dgesvd>

RESULTS:
 DGESVD Example Program Results

 Singular values
  27.47  22.64   8.56   5.99   2.01

 Left singular vectors (stored columnwise)
  -0.59   0.26   0.36   0.31   0.23
  -0.40   0.24  -0.22  -0.75  -0.36
  -0.03  -0.60  -0.45   0.23  -0.31
  -0.43   0.24  -0.69   0.33   0.16
  -0.47  -0.35   0.39   0.16  -0.52
   0.29   0.58  -0.02   0.38  -0.65

 Right singular vectors (stored rowwise)
  -0.25  -0.40  -0.69  -0.37  -0.41
   0.81   0.36  -0.25  -0.37  -0.10
  -0.26   0.70  -0.22   0.39  -0.49
   0.40  -0.45   0.25   0.43  -0.62
  -0.22   0.14   0.59  -0.63  -0.44



------------------------------------------------------------------------
COMPILING AND RUNNING <dsyev>

RESULTS:
 DSYEV Example Program Results

 Eigenvalues
 -11.07  -6.23   0.86   8.87  16.09

 Eigenvectors (stored columnwise)
  -0.30  -0.61   0.40  -0.37   0.49
  -0.51  -0.29  -0.41  -0.36  -0.61
  -0.08  -0.38  -0.66   0.50   0.40
  -0.00  -0.45   0.46   0.62  -0.46
  -0.80   0.45   0.17   0.31   0.16
